6
3
COMPRO1
BASICON
DASALGO
Austin Fernandez
11323604
M
66.0
55.0
66.0
3.0
66.0
55.0
66.0
3.0
95.0
95.0
95.0
4.0
Clarisse Poblete
11321792
F
66.0
55.0
66.0
3.0
66.0
55.0
66.0
3.0
60.0
60.0
60.0
1.0
Johan Tan
11313204
M
66.0
95.0
66.0
3.0
66.0
55.0
66.0
3.0
60.0
60.0
60.0
1.0
Joseph John Andres
11330236
F
60.0
60.0
60.0
1.0
60.0
60.0
60.0
1.0
60.0
60.0
60.0
1.0
Marc San Pedro
11336617
M
66.0
55.0
66.0
3.0
66.0
55.0
66.0
3.0
60.0
60.0
60.0
1.0
Jonah Syfu
11336579
M
60.0
60.0
60.0
1.0
60.0
60.0
60.0
1.0
60.0
60.0
60.0
1.0